0 0 0 0 0 0 0 0 6.89138e-06 6.89138e-06 6.89138e-06 6.89138e-06 6.89138e-06 6.89138e-06 6.89138e-06 6.89138e-06 6.89138e-06 6.89138e-06 6.89138e-06 0 0 0 0 0 0 0 
0 0 0 0 0 9.2256e-06 2.099e-05 3.46017e-05 5.57829e-05 6.93947e-05 8.1159e-05 9.03846e-05 9.03846e-05 9.03846e-05 9.03846e-05 9.03846e-05 8.1159e-05 6.93947e-05 5.57829e-05 3.46017e-05 2.099e-05 9.2256e-06 0 0 0 0 
0 0 0 7.97353e-06 2.0324e-05 4.69071e-05 8.08055e-05 0.000120027 0.000168094 0.000207315 0.000241214 0.000267797 0.000280147 0.000288121 0.000280147 0.000267797 0.000241214 0.000207315 0.000168094 0.000120027 8.08055e-05 4.69071e-05 2.0324e-05 7.97353e-06 0 0 
0 0 7.97353e-06 2.95588e-05 6.29929e-05 0.000119207 0.000190891 0.000273831 0.000367795 0.000450735 0.000522419 0.000578633 0.000612068 0.000625679 0.000612068 0.000578633 0.000522419 0.000450735 0.000367795 0.000273831 0.000190891 0.000119207 6.29929e-05 2.95588e-05 7.97353e-06 0 
0 0 2.0324e-05 6.29929e-05 0.000129084 0.000231195 0.000361406 0.000512064 0.000677119 0.000827777 0.000957988 0.0010601 0.00112619 0.00114854 0.00112619 0.0010601 0.000957988 0.000827777 0.000677119 0.000512064 0.000361406 0.000231195 0.000129084 6.29929e-05 2.0324e-05 0 
0 9.2256e-06 4.69071e-05 0.000119207 0.000231195 0.000397811 0.000610276 0.000856105 0.00112107 0.0013669 0.00157937 0.00174598 0.00184874 0.00188336 0.00184874 0.00174598 0.00157937 0.0013669 0.00112107 0.000856105 0.000610276 0.000397811 0.000231195 0.000119207 4.69071e-05 9.2256e-06 
0 2.099e-05 8.08055e-05 0.000190891 0.000361406 0.000610276 0.000927632 0.00129482 0.0016872 0.00205439 0.00237174 0.00262061 0.00277014 0.00282041 0.00277014 0.00262061 0.00237174 0.00205439 0.0016872 0.00129482 0.000927632 0.000610276 0.000361406 0.000190891 8.08055e-05 2.099e-05 
0 3.46017e-05 0.000120027 0.000273831 0.000512064 0.000856105 0.00129482 0.00180243 0.00234222 0.00284982 0.00328854 0.00363258 0.00383621 0.00390459 0.00383621 0.00363258 0.00328854 0.00284982 0.00234222 0.00180243 0.00129482 0.000856105 0.000512064 0.000273831 0.000120027 3.46017e-05 
6.89138e-06 5.57829e-05 0.000168094 0.000367795 0.000677119 0.00112107 0.0016872 0.00234222 0.00303676 0.00369178 0.00425791 0.00469497 0.0049554 0.00504279 0.0049554 0.00469497 0.00425791 0.00369178 0.00303676 0.00234222 0.0016872 0.00112107 0.000677119 0.000367795 0.000168094 5.57829e-05 
6.89138e-06 6.93947e-05 0.000207315 0.000450735 0.000827777 0.0013669 0.00205439 0.00284982 0.00369178 0.00448722 0.00517471 0.00570694 0.00602148 0.00612698 0.00602148 0.00570694 0.00517471 0.00448722 0.00369178 0.00284982 0.00205439 0.0013669 0.000827777 0.000450735 0.000207315 6.93947e-05 
6.89138e-06 8.1159e-05 0.000241214 0.000522419 0.000957988 0.00157937 0.00237174 0.00328854 0.00425791 0.00517471 0.00596708 0.00658157 0.00694287 0.00706402 0.00694287 0.00658157 0.00596708 0.00517471 0.00425791 0.00328854 0.00237174 0.00157937 0.000957988 0.000522419 0.000241214 8.1159e-05 
6.89138e-06 9.03846e-05 0.000267797 0.000578633 0.0010601 0.00174598 0.00262061 0.00363258 0.00470186 0.00571383 0.00658846 0.00726745 0.00766542 0.00779885 0.00766542 0.00726745 0.00658846 0.00571383 0.00470186 0.00363258 0.00262061 0.00174598 0.0010601 0.000578633 0.000267797 9.03846e-05 
6.89138e-06 9.03846e-05 0.000280147 0.000612068 0.00112619 0.00185797 0.00279113 0.00387081 0.00501118 0.00609087 0.00702403 0.00774892 0.00817955 0.00832171 0.00817955 0.00774892 0.00702403 0.00609087 0.00501118 0.00387081 0.00279113 0.00185797 0.00112619 0.000612068 0.000280147 9.03846e-05 
6.89138e-06 9.03846e-05 0.000288121 0.000633653 0.00116886 0.00193027 0.00290121 0.00402462 0.00521089 0.00633429 0.00730524 0.00805975 0.00851147 0.00865926 0.00851147 0.00805975 0.00730524 0.00633429 0.00521089 0.00402462 0.00290121 0.00193027 0.00116886 0.000633653 0.000288121 9.03846e-05 
6.89138e-06 9.03846e-05 0.000288121 0.000641626 0.00118918 0.00196795 0.00296103 0.00411004 0.0053232 0.00647221 0.00746529 0.00823717 0.00870123 0.008857 0.00870123 0.00823717 0.00746529 0.00647221 0.0053232 0.00411004 0.00296103 0.00196795 0.00118918 0.000641626 0.000288121 9.03846e-05 
6.89138e-06 9.03846e-05 0.000288121 0.000641626 0.00118918 0.00197718 0.00298202 0.00414465 0.00537209 0.00653472 0.00753956 0.00832066 0.00878472 0.00894049 0.00878472 0.00832066 0.00753956 0.00653472 0.00537209 0.00414465 0.00298202 0.00197718 0.00118918 0.000641626 0.000288121 9.03846e-05 
6.89138e-06 9.03846e-05 0.000288121 0.000641626 0.00118918 0.00197718 0.00298202 0.00414465 0.00537898 0.00654161 0.00754645 0.00832755 0.00879162 0.00894738 0.00879162 0.00832755 0.00754645 0.00654161 0.00537898 0.00414465 0.00298202 0.00197718 0.00118918 0.000641626 0.000288121 9.03846e-05 
6.89138e-06 9.03846e-05 0.000288121 0.000641626 0.00118918 0.00197718 0.00298202 0.00414465 0.00537898 0.00654161 0.00754645 0.00832755 0.00879162 0.00894738 0.00879162 0.00832755 0.00754645 0.00654161 0.00537898 0.00414465 0.00298202 0.00197718 0.00118918 0.000641626 0.000288121 9.03846e-05 
6.89138e-06 9.03846e-05 0.000288121 0.000641626 0.00118918 0.00197718 0.00298202 0.00414465 0.00537898 0.00654161 0.00754645 0.00832755 0.00879162 0.00894738 0.00879162 0.00832755 0.00754645 0.00654161 0.00537898 0.00414465 0.00298202 0.00197718 0.00118918 0.000641626 0.000288121 9.03846e-05 
6.89138e-06 9.03846e-05 0.000288121 0.000641626 0.00118918 0.00197718 0.00298202 0.00414465 0.00537898 0.00654161 0.00754645 0.00832755 0.00879162 0.00894738 0.00879162 0.00832755 0.00754645 0.00654161 0.00537898 0.00414465 0.00298202 0.00197718 0.00118918 0.000641626 0.000288121 9.03846e-05 
6.89138e-06 9.03846e-05 0.000288121 0.000641626 0.00118918 0.00197718 0.00298202 0.00414465 0.00537898 0.00654161 0.00754645 0.00832755 0.00879162 0.00894738 0.00879162 0.00832755 0.00754645 0.00654161 0.00537898 0.00414465 0.00298202 0.00197718 0.00118918 0.000641626 0.000288121 9.03846e-05 
6.89138e-06 9.03846e-05 0.000288121 0.000641626 0.00118918 0.00197718 0.00298202 0.00414465 0.00537898 0.00654161 0.00754645 0.00832755 0.00879162 0.00894738 0.00879162 0.00832755 0.00754645 0.00654161 0.00537898 0.00414465 0.00298202 0.00197718 0.00118918 0.000641626 0.000288121 9.03846e-05 
6.89138e-06 9.03846e-05 0.000288121 0.000641626 0.00118918 0.00197718 0.00298202 0.00414465 0.00537898 0.00654161 0.00754645 0.00832755 0.00879162 0.00894738 0.00879162 0.00832755 0.00754645 0.00654161 0.00537898 0.00414465 0.00298202 0.00197718 0.00118918 0.000641626 0.000288121 9.03846e-05 
6.89138e-06 9.03846e-05 0.000288121 0.000641626 0.00118918 0.00197718 0.00298202 0.00414465 0.00537898 0.00654161 0.00754645 0.00832755 0.00879162 0.00894738 0.00879162 0.00832755 0.00754645 0.00654161 0.00537898 0.00414465 0.00298202 0.00197718 0.00118918 0.000641626 0.000288121 9.03846e-05 
6.89138e-06 9.03846e-05 0.000288121 0.000641626 0.00118918 0.00197718 0.00298202 0.00414465 0.00537898 0.00654161 0.00754645 0.00832755 0.00879162 0.00894738 0.00879162 0.00832755 0.00754645 0.00654161 0.00537898 0.00414465 0.00298202 0.00197718 0.00118918 0.000641626 0.000288121 9.03846e-05 
6.89138e-06 9.03846e-05 0.000288121 0.000641626 0.00118918 0.00197718 0.00298202 0.00414465 0.00537898 0.00654161 0.00754645 0.00832755 0.00879162 0.00894738 0.00879162 0.00832755 0.00754645 0.00654161 0.00537898 0.00414465 0.00298202 0.00197718 0.00118918 0.000641626 0.000288121 9.03846e-05 
6.89138e-06 9.03846e-05 0.000288121 0.000641626 0.00118918 0.00197718 0.00298202 0.00414465 0.00537898 0.00654161 0.00754645 0.00832755 0.00879162 0.00894738 0.00879162 0.00832755 0.00754645 0.00654161 0.00537898 0.00414465 0.00298202 0.00197718 0.00118918 0.000641626 0.000288121 9.03846e-05 
6.89138e-06 9.03846e-05 0.000288121 0.000641626 0.00118918 0.00197718 0.00298202 0.00414465 0.00537898 0.00654161 0.00754645 0.00832755 0.00879162 0.00894738 0.00879162 0.00832755 0.00754645 0.00654161 0.00537898 0.00414465 0.00298202 0.00197718 0.00118918 0.000641626 0.000288121 9.03846e-05 
6.89138e-06 9.03846e-05 0.000288121 0.000641626 0.00118918 0.00197718 0.00298202 0.00414465 0.00537898 0.00654161 0.00754645 0.00832755 0.00879162 0.00894738 0.00879162 0.00832755 0.00754645 0.00654161 0.00537898 0.00414465 0.00298202 0.00197718 0.00118918 0.000641626 0.000288121 9.03846e-05 
6.89138e-06 9.03846e-05 0.000288121 0.000641626 0.00118918 0.00197718 0.00298202 0.00414465 0.00537898 0.00654161 0.00754645 0.00832755 0.00879162 0.00894738 0.00879162 0.00832755 0.00754645 0.00654161 0.00537898 0.00414465 0.00298202 0.00197718 0.00118918 0.000641626 0.000288121 9.03846e-05 
6.89138e-06 9.03846e-05 0.000288121 0.000641626 0.00118918 0.00197718 0.00298202 0.00414465 0.00537898 0.00654161 0.00754645 0.00832755 0.00879162 0.00894738 0.00879162 0.00832755 0.00754645 0.00654161 0.00537898 0.00414465 0.00298202 0.00197718 0.00118918 0.000641626 0.000288121 9.03846e-05 
6.89138e-06 9.03846e-05 0.000288121 0.000641626 0.00118918 0.00197718 0.00298202 0.00414465 0.00537898 0.00654161 0.00754645 0.00832755 0.00879162 0.00894738 0.00879162 0.00832755 0.00754645 0.00654161 0.00537898 0.00414465 0.00298202 0.00197718 0.00118918 0.000641626 0.000288121 9.03846e-05 
6.89138e-06 9.03846e-05 0.000288121 0.000641626 0.00118918 0.00197718 0.00298202 0.00414465 0.00537898 0.00654161 0.00754645 0.00832755 0.00879162 0.00894738 0.00879162 0.00832755 0.00754645 0.00654161 0.00537898 0.00414465 0.00298202 0.00197718 0.00118918 0.000641626 0.000288121 9.03846e-05 
6.89138e-06 9.03846e-05 0.000288121 0.000641626 0.00118918 0.00197718 0.00298202 0.00414465 0.00537898 0.00654161 0.00754645 0.00832755 0.00879162 0.00894738 0.00879162 0.00832755 0.00754645 0.00654161 0.00537898 0.00414465 0.00298202 0.00197718 0.00118918 0.000641626 0.000288121 9.03846e-05 
6.89138e-06 9.03846e-05 0.000288121 0.000641626 0.00118918 0.00197718 0.00298202 0.00414465 0.00537898 0.00654161 0.00754645 0.00832755 0.00879162 0.00894738 0.00879162 0.00832755 0.00754645 0.00654161 0.00537898 0.00414465 0.00298202 0.00197718 0.00118918 0.000641626 0.000288121 9.03846e-05 
6.89138e-06 9.03846e-05 0.000288121 0.000641626 0.00118918 0.00197718 0.00298202 0.00414465 0.00537898 0.00654161 0.00754645 0.00832755 0.00879162 0.00894738 0.00879162 0.00832755 0.00754645 0.00654161 0.00537898 0.00414465 0.00298202 0.00197718 0.00118918 0.000641626 0.000288121 9.03846e-05 
6.89138e-06 9.03846e-05 0.000288121 0.000641626 0.00118918 0.00197718 0.00298202 0.00414465 0.00537898 0.00654161 0.00754645 0.00832755 0.00879162 0.00894738 0.00879162 0.00832755 0.00754645 0.00654161 0.00537898 0.00414465 0.00298202 0.00197718 0.00118918 0.000641626 0.000288121 9.03846e-05 
6.89138e-06 9.03846e-05 0.000288121 0.000641626 0.00118918 0.00197718 0.00298202 0.00414465 0.00537898 0.00654161 0.00754645 0.00832755 0.00879162 0.00894738 0.00879162 0.00832755 0.00754645 0.00654161 0.00537898 0.00414465 0.00298202 0.00197718 0.00118918 0.000641626 0.000288121 9.03846e-05 
6.89138e-06 9.03846e-05 0.000288121 0.000641626 0.00118918 0.00197718 0.00298202 0.00414465 0.00537898 0.00654161 0.00754645 0.00832755 0.00879162 0.00894738 0.00879162 0.00832755 0.00754645 0.00654161 0.00537898 0.00414465 0.00298202 0.00197718 0.00118918 0.000641626 0.000288121 9.03846e-05 
6.89138e-06 9.03846e-05 0.000288121 0.000641626 0.00118918 0.00197718 0.00298202 0.00414465 0.00537898 0.00654161 0.00754645 0.00832755 0.00879162 0.00894738 0.00879162 0.00832755 0.00754645 0.00654161 0.00537898 0.00414465 0.00298202 0.00197718 0.00118918 0.000641626 0.000288121 9.03846e-05 
6.89138e-06 9.03846e-05 0.000288121 0.000641626 0.00118918 0.00197718 0.00298202 0.00414465 0.00537898 0.00654161 0.00754645 0.00832755 0.00879162 0.00894738 0.00879162 0.00832755 0.00754645 0.00654161 0.00537898 0.00414465 0.00298202 0.00197718 0.00118918 0.000641626 0.000288121 9.03846e-05 
6.89138e-06 9.03846e-05 0.000288121 0.000641626 0.00118918 0.00197718 0.00298202 0.00414465 0.00537898 0.00654161 0.00754645 0.00832755 0.00879162 0.00894738 0.00879162 0.00832755 0.00754645 0.00654161 0.00537898 0.00414465 0.00298202 0.00197718 0.00118918 0.000641626 0.000288121 9.03846e-05 
6.89138e-06 9.03846e-05 0.000288121 0.000641626 0.00118918 0.00197718 0.00298202 0.00414465 0.00537898 0.00654161 0.00754645 0.00832755 0.00879162 0.00894738 0.00879162 0.00832755 0.00754645 0.00654161 0.00537898 0.00414465 0.00298202 0.00197718 0.00118918 0.000641626 0.000288121 9.03846e-05 
6.89138e-06 9.03846e-05 0.000288121 0.000641626 0.00118918 0.00197718 0.00298202 0.00414465 0.00537898 0.00654161 0.00754645 0.00832755 0.00879162 0.00894738 0.00879162 0.00832755 0.00754645 0.00654161 0.00537898 0.00414465 0.00298202 0.00197718 0.00118918 0.000641626 0.000288121 9.03846e-05 
6.89138e-06 9.03846e-05 0.000288121 0.000641626 0.00118918 0.00197718 0.00298202 0.00414465 0.00537898 0.00654161 0.00754645 0.00832755 0.00879162 0.00894738 0.00879162 0.00832755 0.00754645 0.00654161 0.00537898 0.00414465 0.00298202 0.00197718 0.00118918 0.000641626 0.000288121 9.03846e-05 
6.89138e-06 9.03846e-05 0.000288121 0.000641626 0.00118918 0.00197718 0.00298202 0.00414465 0.00537898 0.00654161 0.00754645 0.00832755 0.00879162 0.00894738 0.00879162 0.00832755 0.00754645 0.00654161 0.00537898 0.00414465 0.00298202 0.00197718 0.00118918 0.000641626 0.000288121 9.03846e-05 
6.89138e-06 9.03846e-05 0.000288121 0.000641626 0.00118918 0.00197718 0.00298202 0.00414465 0.00537898 0.00654161 0.00754645 0.00832755 0.00879162 0.00894738 0.00879162 0.00832755 0.00754645 0.00654161 0.00537898 0.00414465 0.00298202 0.00197718 0.00118918 0.000641626 0.000288121 9.03846e-05 
6.89138e-06 9.03846e-05 0.000288121 0.000641626 0.00118918 0.00197718 0.00298202 0.00414465 0.00537898 0.00654161 0.00754645 0.00832755 0.00879162 0.00894738 0.00879162 0.00832755 0.00754645 0.00654161 0.00537898 0.00414465 0.00298202 0.00197718 0.00118918 0.000641626 0.000288121 9.03846e-05 
6.89138e-06 9.03846e-05 0.000288121 0.000641626 0.00118918 0.00197718 0.00298202 0.00414465 0.00537898 0.00654161 0.00754645 0.00832755 0.00879162 0.00894738 0.00879162 0.00832755 0.00754645 0.00654161 0.00537898 0.00414465 0.00298202 0.00197718 0.00118918 0.000641626 0.000288121 9.03846e-05 
6.89138e-06 9.03846e-05 0.000288121 0.000641626 0.00118918 0.00197718 0.00298202 0.00414465 0.00537898 0.00654161 0.00754645 0.00832755 0.00879162 0.00894738 0.00879162 0.00832755 0.00754645 0.00654161 0.00537898 0.00414465 0.00298202 0.00197718 0.00118918 0.000641626 0.000288121 9.03846e-05 
6.89138e-06 9.03846e-05 0.000288121 0.000641626 0.00118918 0.00197718 0.00298202 0.00414465 0.00537898 0.00654161 0.00754645 0.00832755 0.00879162 0.00894738 0.00879162 0.00832755 0.00754645 0.00654161 0.00537898 0.00414465 0.00298202 0.00197718 0.00118918 0.000641626 0.000288121 9.03846e-05 
6.89138e-06 9.03846e-05 0.000288121 0.000641626 0.00118918 0.00197718 0.00298202 0.00414465 0.00537209 0.00653472 0.00753956 0.00832066 0.00878472 0.00894049 0.00878472 0.00832066 0.00753956 0.00653472 0.00537209 0.00414465 0.00298202 0.00197718 0.00118918 0.000641626 0.000288121 9.03846e-05 
6.89138e-06 9.03846e-05 0.000288121 0.000641626 0.00118918 0.00196795 0.00296103 0.00411004 0.0053232 0.00647221 0.00746529 0.00823717 0.00870123 0.008857 0.00870123 0.00823717 0.00746529 0.00647221 0.0053232 0.00411004 0.00296103 0.00196795 0.00118918 0.000641626 0.000288121 9.03846e-05 
6.89138e-06 9.03846e-05 0.000288121 0.000633653 0.00116886 0.00193027 0.00290121 0.00402462 0.00521089 0.00633429 0.00730524 0.00805975 0.00851147 0.00865926 0.00851147 0.00805975 0.00730524 0.00633429 0.00521089 0.00402462 0.00290121 0.00193027 0.00116886 0.000633653 0.000288121 9.03846e-05 
6.89138e-06 9.03846e-05 0.000280147 0.000612068 0.00112619 0.00185797 0.00279113 0.00387081 0.00501118 0.00609087 0.00702403 0.00774892 0.00817955 0.00832171 0.00817955 0.00774892 0.00702403 0.00609087 0.00501118 0.00387081 0.00279113 0.00185797 0.00112619 0.000612068 0.000280147 9.03846e-05 
6.89138e-06 9.03846e-05 0.000267797 0.000578633 0.0010601 0.00174598 0.00262061 0.00363258 0.00470186 0.00571383 0.00658846 0.00726745 0.00766542 0.00779885 0.00766542 0.00726745 0.00658846 0.00571383 0.00470186 0.00363258 0.00262061 0.00174598 0.0010601 0.000578633 0.000267797 9.03846e-05 
6.89138e-06 8.1159e-05 0.000241214 0.000522419 0.000957988 0.00157937 0.00237174 0.00328854 0.00425791 0.00517471 0.00596708 0.00658157 0.00694287 0.00706402 0.00694287 0.00658157 0.00596708 0.00517471 0.00425791 0.00328854 0.00237174 0.00157937 0.000957988 0.000522419 0.000241214 8.1159e-05 
6.89138e-06 6.93947e-05 0.000207315 0.000450735 0.000827777 0.0013669 0.00205439 0.00284982 0.00369178 0.00448722 0.00517471 0.00570694 0.00602148 0.00612698 0.00602148 0.00570694 0.00517471 0.00448722 0.00369178 0.00284982 0.00205439 0.0013669 0.000827777 0.000450735 0.000207315 6.93947e-05 
6.89138e-06 5.57829e-05 0.000168094 0.000367795 0.000677119 0.00112107 0.0016872 0.00234222 0.00303676 0.00369178 0.00425791 0.00469497 0.0049554 0.00504279 0.0049554 0.00469497 0.00425791 0.00369178 0.00303676 0.00234222 0.0016872 0.00112107 0.000677119 0.000367795 0.000168094 5.57829e-05 
0 3.46017e-05 0.000120027 0.000273831 0.000512064 0.000856105 0.00129482 0.00180243 0.00234222 0.00284982 0.00328854 0.00363258 0.00383621 0.00390459 0.00383621 0.00363258 0.00328854 0.00284982 0.00234222 0.00180243 0.00129482 0.000856105 0.000512064 0.000273831 0.000120027 3.46017e-05 
0 2.099e-05 8.08055e-05 0.000190891 0.000361406 0.000610276 0.000927632 0.00129482 0.0016872 0.00205439 0.00237174 0.00262061 0.00277014 0.00282041 0.00277014 0.00262061 0.00237174 0.00205439 0.0016872 0.00129482 0.000927632 0.000610276 0.000361406 0.000190891 8.08055e-05 2.099e-05 
0 9.2256e-06 4.69071e-05 0.000119207 0.000231195 0.000397811 0.000610276 0.000856105 0.00112107 0.0013669 0.00157937 0.00174598 0.00184874 0.00188336 0.00184874 0.00174598 0.00157937 0.0013669 0.00112107 0.000856105 0.000610276 0.000397811 0.000231195 0.000119207 4.69071e-05 9.2256e-06 
0 0 2.0324e-05 6.29929e-05 0.000129084 0.000231195 0.000361406 0.000512064 0.000677119 0.000827777 0.000957988 0.0010601 0.00112619 0.00114854 0.00112619 0.0010601 0.000957988 0.000827777 0.000677119 0.000512064 0.000361406 0.000231195 0.000129084 6.29929e-05 2.0324e-05 0 
0 0 7.97353e-06 2.95588e-05 6.29929e-05 0.000119207 0.000190891 0.000273831 0.000367795 0.000450735 0.000522419 0.000578633 0.000612068 0.000625679 0.000612068 0.000578633 0.000522419 0.000450735 0.000367795 0.000273831 0.000190891 0.000119207 6.29929e-05 2.95588e-05 7.97353e-06 0 
0 0 0 7.97353e-06 2.0324e-05 4.69071e-05 8.08055e-05 0.000120027 0.000168094 0.000207315 0.000241214 0.000267797 0.000280147 0.000288121 0.000280147 0.000267797 0.000241214 0.000207315 0.000168094 0.000120027 8.08055e-05 4.69071e-05 2.0324e-05 7.97353e-06 0 0 
0 0 0 0 0 9.2256e-06 2.099e-05 3.46017e-05 5.57829e-05 6.93947e-05 8.1159e-05 9.03846e-05 9.03846e-05 9.03846e-05 9.03846e-05 9.03846e-05 8.1159e-05 6.93947e-05 5.57829e-05 3.46017e-05 2.099e-05 9.2256e-06 0 0 0 0 
